(0, -7.927705639710429)
(1, -3.2296315478402504)
(2, -2.599167495655982)
(3, -2.2505468341198034)
(4, -2.0361261084894817)
(5, -1.8883099273599235)
(6, -1.7974145574690084)
(7, -1.7074900851507293)
(8, -1.652641575685879)
(9, -1.616031453571263)
(10, -1.6070211570515829)
(11, -1.5880472866525899)
(12, -1.5580013896477554)
(13, -1.5485678087040153)
(14, -1.5105094176044864)
(15, -1.5285380604481242)
(16, -1.549679160120651)
(17, -1.53147622484184)
(18, -1.4758679596576647)
(19, -1.4764347514731657)
(20, -1.4403899764672772)
(21, -1.376438525589565)
(22, -1.292023285202772)
(23, -1.2484471266754866)
(24, -1.2111726688010416)
(25, -1.1849938790073635)
(26, -1.204125684851443)
(27, -1.171850821402409)
(28, -1.222250592788977)
(29, -1.1432817754148794)
(30, -1.117473723550383)
(31, -1.1027541218571195)
(32, -1.0818896657129327)
(33, -1.0862646479454825)
(34, -1.0857041710738289)
(35, -1.0765749623445375)
(36, -0.9980880819061324)
(37, -1.0221095184084958)
(38, -1.0287597525351442)
(39, -1.0273461709244984)
(40, -0.9800871938697102)
(41, -0.9560731268622318)
(42, -0.9869340164006342)
(43, -0.9758578810119996)
(44, -0.9692988931840393)
(45, -0.9563586223948528)
(46, -0.9518117824458486)
(47, -0.9819840936212846)
(48, -0.893538910706451)
(49, -0.8946399480058448)
(50, -0.8964345125216645)
(51, -0.877177798674081)
(52, -0.885026529418006)
(53, -0.8946411880524391)
(54, -0.8907464583119603)
(55, -0.9505886894293283)
(56, -0.8873495550972071)
(57, -0.8579047729526499)
(58, -0.854994433526082)
(59, -0.8380887732303531)
(60, -0.8073981899886604)
(61, -0.818990099374944)
(62, -0.8088997149845201)
(63, -0.8108094088033818)
(64, -0.7918238994314638)
(65, -0.7708244544469508)
(66, -0.7660534618796929)
(67, -0.74948873030894)
(68, -0.730921308305467)
(69, -0.7199034203257345)
(70, -0.7263792294160317)
(71, -0.738365834008506)
(72, -0.7426991462254611)
(73, -0.7759820074405156)
(74, -0.7771914153877769)
(75, -0.768912709912128)
(76, -0.7691634846640217)
(77, -0.7742688346873102)
(78, -0.7939411084414921)
(79, -0.7742955317909027)
(80, -0.7899010272031488)
(81, -0.7555830709358273)
(82, -0.7500314461984507)
(83, -0.761793818384498)
(84, -0.756177256512485)
(85, -0.7509330843164355)
(86, -0.7191527869222178)
(87, -0.7237407433833816)
(88, -0.741397630230274)
(89, -0.7171401738771733)
(90, -0.7096585862668312)
(91, -0.7121458192455598)
(92, -0.7617400415234998)
(93, -0.7840571270094925)
(94, -0.7986045824737527)
(95, -0.8428990415011054)
(96, -0.8250604645992039)
(97, -0.7854931311059417)
(98, -0.7648575355653786)
(99, -0.8153792948182866)
(100, -0.7877296476672692)
(101, -0.7950049304394504)
(102, -0.8075729117232014)
(103, -0.793578485223912)
(104, -0.7907392880445501)
(105, -0.7787534540616872)
(106, -0.7712407079455537)
(107, -0.7525490411959224)
(108, -0.7161541870335719)
(109, -0.7155266644937306)
(110, -0.703879577835636)
(111, -0.6936186836975582)
(112, -0.6865614115102596)
(113, -0.6345335230411978)
(114, -0.6373263291886222)
(115, -0.6115343474720448)
(116, -0.6256538987292531)
(117, -0.6129561271712924)
(118, -0.5934574216277313)
(119, -0.6149798703304311)
(120, -0.6339650740022962)
(121, -0.6183063927577208)
(122, -0.6196717296880007)
(123, -0.5938519050877098)
(124, -0.5731389527024788)
(125, -0.5604281249318497)
(126, -0.5798967564944374)
(127, -0.6193419312020967)
(128, -0.5861977271821823)
(129, -0.5920034802738213)
(130, -0.5772896101040275)
(131, -0.5392975889833681)
(132, -0.5097957676297284)
(133, -0.49798272475600924)
(134, -0.5232221809155253)
(135, -0.48520734261639287)
(136, -0.4577953048294088)
(137, -0.4813985932130286)
(138, -0.4855596766663968)
(139, -0.5046499212246864)
(140, -0.5078175368118488)
(141, -0.5362295291608782)
(142, -0.4534060709613098)
(143, -0.4443712221315434)
(144, -0.4718356603750725)
(145, -0.49129484432020043)
(146, -0.4737590159614919)
(147, -0.47215570263206735)
(148, -0.4709843683383334)
(149, -0.4629041150546713)
(150, -0.4678835821279939)
(151, -0.4616443134391162)
(152, -0.48156097216643984)
(153, -0.4990918076204814)
(154, -0.4713616391996254)
(155, -0.4494089493076159)
(156, -0.468295481635378)
(157, -0.47726102223768513)
(158, -0.5196329301029868)
(159, -0.4975374066048308)
(160, -0.4950363555185862)
(161, -0.4805579031468257)
(162, -0.4709611376473337)
(163, -0.450156380078314)
(164, -0.47887292672629916)
(165, -0.4545884522877451)
(166, -0.45574301130927863)
(167, -0.49731953890535735)
(168, -0.5187263481348482)
(169, -0.4917496669845687)
(170, -0.46219775889211323)
(171, -0.47411387547573786)
(172, -0.4724775256192621)
(173, -0.49152379136068797)
(174, -0.46124900997634244)
(175, -0.45320367448445387)
(176, -0.4415289220783603)
(177, -0.45946405070390306)
(178, -0.4788271622637907)
(179, -0.503958224653488)
(180, -0.5035051323856062)
(181, -0.5160873531624846)
(182, -0.4503346323213279)
(183, -0.4591915946183532)
(184, -0.46349731563882235)
(185, -0.4546055249356546)
(186, -0.46918562792648416)
(187, -0.46379664559717115)
(188, -0.4938646633582034)
(189, -0.4815697630070415)
(190, -0.48725513465622144)
(191, -0.4405946418252031)
(192, -0.3930173509649998)
(193, -0.3947417482843313)
(194, -0.3931801241005551)
(195, -0.3931062766833291)
(196, -0.3848929764080899)
(197, -0.38428110565837614)
(198, -0.42831653378609247)
(199, -0.4646629153221147)
(200, -0.44156418945943804)
(201, -0.45401067975259846)
(202, -0.38640230664556835)
(203, -0.34867779848613056)
(204, -0.3633154634595763)
(205, -0.36646666797671323)
(206, -0.36455107277389953)
(207, -0.3622730113305654)
(208, -0.3506884949316792)
(209, -0.34121255406306716)
(210, -0.33036996817236436)
(211, -0.35748972003392)
(212, -0.2937830988354305)
(213, -0.2843085545176513)
(214, -0.2318340124655108)
(215, -0.28540943787626616)
(216, -0.2755969893810518)
(217, -0.26044185366527545)
(218, -0.27899548359900067)
(219, -0.28489735256215637)
(220, -0.24057811492656436)
(221, -0.2449821633570025)
(222, -0.2613406427938006)
(223, -0.2518494826587984)
(224, -0.27655342502201846)
(225, -0.28936600669620455)
(226, -0.31595542230037243)
(227, -0.32684231455537416)
(228, -0.28692202495964425)
(229, -0.2720407153939833)
(230, -0.286750763695449)
(231, -0.21774727291511242)
(232, -0.21661114268629125)
(233, -0.24028791730551982)
(234, -0.2449457142243909)
(235, -0.2710725027675268)
(236, -0.3064186248464477)
(237, -0.2597069563346595)
(238, -0.2392444975226762)
(239, -0.27071537299090853)
(240, -0.24968708667304126)
(241, -0.27845492981727366)
(242, -0.2660120666689603)
(243, -0.26345924025069584)
(244, -0.2542581238970125)
(245, -0.2496407578786002)
(246, -0.24222931746453036)
(247, -0.23959700786422)
(248, -0.22200617616452512)
(249, -0.22166249257856363)
(250, -0.25466771117366477)
(251, -0.24161110976111436)
(252, -0.23718390012852691)
(253, -0.21312510678731394)
(254, -0.24410020293279136)
(255, -0.2122525776304227)
(256, -0.1915284387044072)
(257, -0.20645131646147824)
(258, -0.16566095590521268)
(259, -0.17026249456348133)
(260, -0.15538442865807658)
(261, -0.1597159325798022)
(262, -0.10925993091631317)
(263, -0.12295427150156464)
(264, -0.16616082614443267)
(265, -0.17756758796312513)
(266, -0.1750563663058611)
(267, -0.14740775834512385)
(268, -0.13616895274524254)
(269, -0.1318063426125736)
(270, -0.10580448548852411)
(271, -0.11692195195541434)
(272, -0.14376410929300446)
(273, -0.16202045458289402)
(274, -0.18872038970004507)
(275, -0.17491206404105536)
(276, -0.13818401732947597)
(277, -0.17184341174360024)
(278, -0.1669160839807234)
(279, -0.1719796726357446)
(280, -0.15207450396375116)
(281, -0.1387014005903047)
(282, -0.1272847368729214)
(283, -0.17550201191359804)
(284, -0.2319417666599887)
(285, -0.20437623104301134)
(286, -0.23594370261992564)
(287, -0.24370424784434852)
(288, -0.2313292192730731)
(289, -0.20852560435879575)
(290, -0.16470255589103042)
(291, -0.15737689233048383)
(292, -0.15274569043386704)
(293, -0.15994796521943472)
(294, -0.1444545343696363)
(295, -0.1537290187586154)
(296, -0.13689199279250394)
(297, -0.16708156491303092)
(298, -0.18761620650327937)
(299, -0.1886241207023502)
(300, -0.19744018434689226)
(301, -0.24174082517591125)
(302, -0.21076903566805602)
(303, -0.21916400421038063)
(304, -0.17185460932441807)
(305, -0.1416561860649047)
(306, -0.14679200325731595)
(307, -0.12626370062930356)
(308, -0.16343210825113708)
(309, -0.16211989740043053)
(310, -0.1518138415714661)
(311, -0.1899201787734382)
(312, -0.1798320137352518)
(313, -0.19030097663387008)
(314, -0.21319258525132398)
(315, -0.20109733124841564)
(316, -0.19639375429238257)
(317, -0.2038339221283241)
(318, -0.18945621874074417)
(319, -0.21601999356152723)
(320, -0.21296107248112028)
(321, -0.2028894746564715)
(322, -0.1590856290808532)
(323, -0.1739144504801805)
(324, -0.22052389366939518)
(325, -0.23758402023406358)
(326, -0.24365820805951924)
(327, -0.2517024734272119)
(328, -0.2388338069094023)
(329, -0.23335083924907918)
(330, -0.2359969150461047)
(331, -0.25680285055867574)
(332, -0.23170493917066284)
(333, -0.2282969182469328)
(334, -0.21275779683247423)
(335, -0.244701741547391)
(336, -0.23154509082965524)
(337, -0.2655278507958723)
(338, -0.23540037363302393)
(339, -0.2035342899762099)
(340, -0.2194094537723827)
(341, -0.27346689768119503)
(342, -0.2310571145514125)
(343, -0.24509458786575256)
(344, -0.24736926439072526)
(345, -0.2351289664403409)
(346, -0.2153528527368771)
(347, -0.18636695269640585)
(348, -0.2037103240036471)
(349, -0.20755846811696355)
(350, -0.1946246531924069)
(351, -0.23568206968012226)
(352, -0.1778447127996031)
(353, -0.19845092982549836)
(354, -0.25029357309585815)
(355, -0.2307483581667969)
(356, -0.23530516193283307)
(357, -0.22772186149104096)
(358, -0.19945309979759523)
(359, -0.18558744816429745)
(360, -0.17374350056199803)
(361, -0.21751364240078908)
(362, -0.233188063988045)
(363, -0.23491010249668062)
(364, -0.23586018580701595)
(365, -0.23680741192991356)
(366, -0.1838117295763971)
(367, -0.20632713206922856)
(368, -0.17748901882847756)
(369, -0.19263338997774698)
(370, -0.2083666636996456)
(371, -0.1876371759145824)
(372, -0.14931482983009667)
(373, -0.11936701019078223)
(374, -0.14349360250052923)
(375, -0.1251489111056142)
(376, -0.1753295694519068)
(377, -0.13883803105684178)
(378, -0.13925177141347736)
(379, -0.11604877113092188)
(380, -0.10244357530619243)
(381, -0.11186195517158867)
(382, -0.15405982653152883)
(383, -0.10457921484498414)
(384, -0.13829643755121246)
(385, -0.15820425223233925)
(386, -0.13686348811615112)
(387, -0.1279123078015803)
(388, -0.16141937156643238)
(389, -0.1323606979029603)
(390, -0.12969287044236072)
(391, -0.13211043491961047)
(392, -0.1239402646442797)
(393, -0.09392894935379466)
(394, -0.08860115246615717)
(395, -0.09512441627033916)
(396, -0.10334202389479472)
(397, -0.04691277926111158)
(398, -0.044349239539926325)
(399, -0.08507456280408189)
(400, -0.08180525922871189)
(401, -0.08623527935387666)
(402, -0.09742195880514763)
(403, -0.13830306751175925)
(404, -0.09738889853343012)
(405, -0.04090542158057489)
(406, -0.07010111598606511)
(407, -0.072008221342351)
(408, -0.07723883417802734)
(409, -0.04006430963571977)
(410, -0.036573067019546324)
(411, -0.06497873101755297)
(412, -0.10728348477316893)
(413, -0.13784910766073735)
(414, -0.14662986254417687)
(415, -0.1331861156987106)
(416, -0.14964620015193222)
(417, -0.09769892372203334)
(418, -0.11415729821547178)
(419, -0.12705229629907921)
(420, -0.11129202844285208)
(421, -0.14278305170812375)
(422, -0.11569416370575529)
(423, -0.1534290750178986)
(424, -0.17705321195232335)
(425, -0.17629958532841683)
(426, -0.20006269888385497)
(427, -0.204832776404474)
(428, -0.15181176390956638)
(429, -0.13591385140229692)
(430, -0.11705303625560524)
(431, -0.11576759701333211)
(432, -0.10906272227347422)
(433, -0.09629320845417383)
(434, -0.05599139294815513)
(435, -0.07192700374162991)
(436, -0.10567093838378956)
(437, -0.0476024829229214)
(438, -0.06074352898380596)
(439, -0.07953015861032377)
(440, -0.10163689238613072)
(441, -0.1378430559420082)
(442, -0.1154898942278607)
(443, -0.09693913285093365)
(444, -0.11997094284438227)
(445, -0.10665247267296717)
(446, -0.10434863089732883)
(447, -0.08867700295339476)
(448, -0.11371311915438458)
(449, -0.1015705537827489)
(450, -0.07367395309434357)
(451, -0.1024180749101087)
(452, -0.11529306146047531)
(453, -0.11167073052604627)
(454, -0.07333374253572988)
(455, -0.09284639205355674)
(456, -0.1263651450528415)
(457, -0.12211479398709259)
(458, -0.1293989915677299)
(459, -0.0999175284932484)
(460, -0.08975026703905573)
(461, -0.09819726109130049)
(462, -0.09248510759539244)
(463, -0.10301292457151827)
(464, -0.07594990523141011)
(465, -0.0882959849305416)
(466, -0.0908624079992637)
(467, -0.10676146713354287)
(468, -0.07177449720449901)
(469, -0.07589000810405627)
(470, -0.07568824589164252)
(471, -0.08807684739016695)
(472, -0.0792585529703482)
(473, -0.07398823819658701)
(474, -0.021871338499907612)
(475, 0.0006599440642141002)
(476, 0.012355048842113813)
(477, -0.014776140329977887)
(478, -0.023119311476468462)
(479, 0.00504753967989198)
(480, -0.011029647084275873)
(481, -0.036860979573747996)
(482, -0.04710739864060636)
(483, -0.026070844782474494)
(484, -0.0795560918420762)
(485, -0.066641713916432)
(486, -0.039445218789902696)
(487, -0.030604554704130874)
(488, -0.0340679651097312)
(489, -0.0034899657891598254)
(490, -0.022836128254571205)
(491, -0.014982681576596294)
(492, 0.014689424685942571)
(493, -0.0006023037003390354)
(494, -0.016855711651912686)
(495, -0.03332442194428755)
(496, -0.028643711839108233)
(497, -0.05859890976966568)
(498, -0.03889728520768586)
(499, -0.01464893936833181)
(500, -0.04302669563010634)
(501, -0.03259114993156393)
(502, -0.0739031816237099)
(503, -0.04558085621427382)
(504, -0.061461699075025834)
(505, -0.06446604201359164)
(506, -0.03021624504546476)
(507, -0.0658358872830453)
(508, -0.03444008266132497)
(509, -0.038041133473236295)
(510, -0.050555069777592596)
(511, -0.04637534376497282)
(512, -0.09350012307611204)
(513, -0.06626784570303874)
(514, -0.07940601434881618)
(515, -0.07632136640144084)
(516, -0.09563969714332068)
(517, -0.07211973052122422)
(518, -0.02565494839131591)
(519, -0.016817639434458753)
(520, 0.03422644204559209)
(521, -0.018511598945322456)
(522, -0.0158134550516111)
(523, -0.03645466156900064)
(524, -0.04610695772824159)
(525, -0.03251509436674414)
(526, -0.04015316984992675)
(527, -0.0020257442574533623)
(528, 0.032238082727092006)
(529, 0.005071129886432462)
(530, -0.007888721564055014)
(531, 0.02172304905931515)
(532, 0.053310090880676564)
(533, 0.049018211581422715)
(534, 0.05023293703972261)
(535, 0.04670947063743545)
(536, 0.05787362495997177)
(537, 0.02745442762332059)
(538, 0.05807471640089323)
(539, 0.06327012897134718)
(540, 0.038839032804678306)
(541, 0.00017058873701805832)
(542, 0.053679914346327566)
(543, 0.03225371912009386)
(544, 0.015124517827812779)
(545, 0.03793434548450697)
(546, 0.07259940483599314)
(547, 0.05756768005442925)
(548, 0.0560895761123225)
(549, 0.07080561992016578)
(550, 0.07602805854983972)
(551, 0.08742393377745324)
(552, 0.0708068193717244)
(553, 0.0516859826505708)
(554, 0.04834243650442728)
(555, 0.04897520893937863)
(556, 0.006260461392037928)
(557, -0.0006612751592614656)
(558, 0.010643983911823715)
(559, -0.00775438835104354)
(560, 0.054022535302303276)
(561, 0.07221362589565888)
(562, 0.06426843739789208)
(563, 0.048052721384260734)
(564, 0.003533362100240179)
(565, 0.025436562659552013)
(566, 0.024689927203699426)
(567, 0.009095139404553367)
(568, -0.026929949991605036)
(569, 0.012999541612737763)
(570, 0.015174686140258149)
(571, 0.016363557192120546)
(572, 0.014040521767795909)
(573, 0.0313838685191602)
(574, 0.03709715937395821)
(575, 0.0015786071496898101)
(576, 0.017064064910147454)
(577, 0.004363474898609276)
(578, -0.015076883809160677)
(579, 0.016723551179808498)
(580, 0.01539866354649013)
(581, 0.020466148017185624)
(582, 0.008009895069727137)
(583, 0.008908072768500684)
(584, 0.017468613458861675)
(585, -0.0013452642857061338)
(586, -0.029889985937803037)
(587, -0.05181763323520598)
(588, -0.028672973168125778)
(589, -0.037506255062126265)
(590, -0.055401349359466105)
(591, -0.01424810002821941)
(592, -0.007124455212697238)
(593, 0.012928940549238115)
(594, 0.041202792192471756)
(595, 0.026498813119418894)
(596, 0.017422965096254437)
(597, -0.03284523013838823)
(598, -0.0257063273119262)
(599, -0.04839220014035156)
(600, -0.05646469250079199)
(601, -0.006528008951526955)
(602, -0.006279409115391745)
(603, 0.005641784289294779)
(604, 0.024890369410996767)
(605, 0.0011622591237346123)
(606, 0.007620038858277642)
(607, 0.008048139127856136)
(608, 0.016573850449833824)
(609, -0.01998866428654823)
(610, -0.03923934964430476)
(611, -0.09847230746702856)
(612, -0.07868253092887859)
(613, -0.050884980150614025)
(614, -0.05291820123174553)
(615, -0.025039542630486564)
(616, 0.0069641177026403605)
(617, 0.005763862248776372)
(618, -0.0106361585072315)
(619, -0.02802617547772838)
(620, -0.009285497411008316)
(621, 0.003073312708024129)
(622, -0.0036984695254707826)
(623, -0.015587846804718194)
(624, -0.03720429539841314)
(625, -0.05196710356061296)
(626, -0.059707995724623666)
(627, -0.048169442207592096)
(628, -0.06184389344907998)
(629, -0.02257501261580809)
(630, -0.05798220101345952)
(631, -0.07999963035730805)
(632, -0.07397756131836145)
(633, -0.052528855259542186)
(634, -0.019178746541322293)
(635, -0.0008958589721447919)
(636, 0.050164454298120394)
(637, 0.05204990336058464)
(638, 0.04665326935057174)
(639, 0.026643716422687876)
(640, 0.04347983147300792)
(641, 0.03766209032066975)
(642, 0.03075986138863609)
(643, 0.011093739522947026)
(644, 0.001077379063884229)
(645, 0.007572603172105204)
(646, -0.05972145624414724)
(647, 0.01181441984142738)
(648, -0.00837072313062492)
(649, 0.012065519363799437)
(650, 0.005475675299681239)
(651, -0.0038021681654209784)
(652, -0.030471663129754432)
(653, -0.04578923241733999)
(654, -0.015534771133775016)
(655, -0.004314193430898636)
(656, 0.016750648623614313)
(657, 0.004665104415407199)
(658, -0.004603447931429545)
(659, 0.019542218209033662)
(660, 0.020543531465329723)
(661, 0.020114872470866442)
(662, 0.018708478496732295)
(663, 0.006140434823079998)
(664, 0.02047029329298275)
(665, 0.0028480249565659248)
(666, 0.01518391527352165)
(667, 0.01909727828988433)
(668, 0.005839019248199134)
(669, -0.020312578234577175)
(670, -0.04454211933270788)
(671, -0.007371626911976983)
(672, -0.0036313817075094685)
(673, 0.011882038566153465)
(674, -0.005803338590956072)
(675, -0.04596971596021025)
(676, -0.05781589628242928)
(677, -0.051339170463095295)
(678, -0.06071583841532952)
(679, -0.03652459360762272)
(680, -0.05950205776924842)
(681, -0.04194756443835975)
(682, -0.06329077532485913)
(683, -0.06004606341371785)
(684, -0.06212073393355128)
(685, -0.03573153801768463)
(686, -0.08528770464500131)
(687, -0.08507965673762197)
(688, -0.11847398957449018)
(689, -0.14130630227741425)
(690, -0.18083449146164196)
(691, -0.14754926444311114)
(692, -0.15036285589790152)
(693, -0.14467997680775388)
(694, -0.13058155437199845)
(695, -0.08474989202298497)
(696, -0.07528508757955228)
(697, -0.11845148689385944)
(698, -0.09274325982088459)
(699, -0.07797405382253746)
(700, -0.07701506032648041)
(701, -0.07338073486280068)
(702, -0.10164685477952966)
(703, -0.06501543450170012)
(704, -0.03049789426414024)
(705, -0.0625861226450998)
(706, -0.06623434914955206)
(707, -0.08723574381387847)
(708, -0.08631962703814186)
(709, -0.039403621380350425)
(710, -0.0903916654396234)
(711, -0.1009468606279445)
(712, -0.11356053700934188)
(713, -0.09258104068166809)
(714, -0.09137819764179456)
(715, -0.08760014009765026)
(716, -0.09251531000112917)
(717, -0.08954325604499894)
(718, -0.09669938267467962)
(719, -0.11619201994605834)
(720, -0.10700493472171574)
(721, -0.1014095837670012)
(722, -0.16376365118613975)
(723, -0.13347643265279704)
(724, -0.15812447141104838)
(725, -0.14528882249104663)
(726, -0.13621659682405438)
(727, -0.1349526254453477)
(728, -0.13536561247084822)
(729, -0.12888159690425846)
(730, -0.15724350987550254)
(731, -0.2043000143196872)
(732, -0.19002032990948967)
(733, -0.15059044232882696)
(734, -0.16734105096002871)
(735, -0.17215826778956017)
(736, -0.18482038052007638)
(737, -0.1697217438122114)
(738, -0.18203328450502818)
(739, -0.15435765194177714)
(740, -0.1698164830062815)
(741, -0.14119011788954994)
(742, -0.17869091453318214)
(743, -0.2089365962032408)
(744, -0.20206853128899918)
(745, -0.19011404629403933)
(746, -0.18173314808644866)
(747, -0.16976786884286313)
(748, -0.17758902998692602)
(749, -0.17104512921521606)
(750, -0.25351762557337926)
(751, -0.27152468390709983)
(752, -0.23390869148462223)
(753, -0.2895487825492692)
(754, -0.24487332168057382)
(755, -0.2752733086771381)
(756, -0.3087202254141723)
(757, -0.3587379963813245)
(758, -0.3219927571526056)
(759, -0.2863388998138548)
(760, -0.259504515470602)
(761, -0.2512175949393897)
(762, -0.24620726782760646)
(763, -0.22435005115122592)
(764, -0.19976175411259856)
(765, -0.1812553735837324)
(766, -0.19221661276493057)
(767, -0.20609936089047373)
(768, -0.20812516057358307)
(769, -0.2321266295459165)
(770, -0.26942941473272775)
(771, -0.28813422894683477)
(772, -0.24060704978058775)
(773, -0.2758836690722733)
(774, -0.27272588875303677)
(775, -0.29950561509444856)
(776, -0.29920136928353674)
(777, -0.34710083043581996)
(778, -0.33101855111511685)
(779, -0.30415750655733165)
(780, -0.27631320721479763)
(781, -0.22879211363211932)
(782, -0.2535913525463861)
(783, -0.25106329392163446)
(784, -0.2744426099920307)
(785, -0.3249437498661004)
(786, -0.2607528912282996)
(787, -0.2730944652780703)
(788, -0.282080248663476)
(789, -0.2695166694513622)
(790, -0.3249676004438156)
(791, -0.3164427598000656)
(792, -0.338464138270623)
(793, -0.39482423522675686)
(794, -0.36309546451297336)
(795, -0.3312541231767622)
(796, -0.30582504492755536)
(797, -0.3413363647496568)
(798, -0.3127314609715932)
(799, -0.30282265165479233)
(800, -0.26179858381200827)
(801, -0.3029453721875484)
(802, -0.3155431430126815)
(803, -0.3470998554607237)
(804, -0.34359397036193157)
(805, -0.31350690232949563)
(806, -0.26627583965148155)
(807, -0.3029221739871977)
(808, -0.2684232282401701)
(809, -0.28758165669312463)
(810, -0.324377786786881)
(811, -0.3066896288116398)
(812, -0.30125305097904637)
(813, -0.3396470778023727)
(814, -0.32722098831573593)
(815, -0.2908240185607845)
(816, -0.330184534589787)
(817, -0.3744360955761431)
(818, -0.40350354780265774)
(819, -0.3794608717744885)
(820, -0.35670917291122733)
(821, -0.29387082385126145)
(822, -0.34020484655103134)
(823, -0.3576349633389558)
(824, -0.3612795110642851)
(825, -0.38985245209586855)
(826, -0.4030671240633742)
(827, -0.4866544263890278)
(828, -0.38906917864550444)
(829, -0.4107351899024945)
(830, -0.3911085168226622)
(831, -0.3727697474526046)
(832, -0.33443839349010523)
(833, -0.35803718533361945)
(834, -0.3603064894917167)
(835, -0.37314920173038885)
(836, -0.3579722533734126)
(837, -0.37711000186420857)
(838, -0.38554686879005007)
(839, -0.4060154333239402)
(840, -0.4107698010858611)
(841, -0.444861363215316)
(842, -0.408327371051069)
(843, -0.38902318935013025)
(844, -0.3840021826912285)
(845, -0.3761713295193658)
(846, -0.38570703546597446)
(847, -0.4111650019146288)
(848, -0.4239385668177811)
(849, -0.38885529817728076)
(850, -0.4254528910439427)
(851, -0.4149491617661823)
(852, -0.45428375068402205)
(853, -0.5031783761260019)
(854, -0.47589952680888564)
(855, -0.5191705656963325)
(856, -0.5173656242446404)
(857, -0.4576995969195885)
(858, -0.48249636993270933)
(859, -0.47230544225791027)
(860, -0.4695276033173117)
(861, -0.3790787771732868)
(862, -0.35921236333277773)
(863, -0.35086773879398025)
(864, -0.35272114182689623)
(865, -0.3746067160102226)
(866, -0.3225690237613637)
(867, -0.28705189709100704)
(868, -0.3131963394757885)
(869, -0.38800969250046674)
(870, -0.395866638485582)
(871, -0.3797001728464082)
(872, -0.4085597078071174)
(873, -0.39663530006898146)
(874, -0.447459719587725)
(875, -0.37697398648239344)
(876, -0.3903361789275019)
(877, -0.36983520157350513)
(878, -0.34495386036239695)
(879, -0.357295458277468)
(880, -0.36315614100437327)
(881, -0.31863312911465413)
(882, -0.37120029924731346)
(883, -0.3517904321083063)
(884, -0.39982024461386123)
(885, -0.3510128391160178)
(886, -0.3998259255951634)
(887, -0.3738374591966523)
(888, -0.3769108182529447)
(889, -0.41390431867962196)
(890, -0.3964647899994725)
(891, -0.3393551282489434)
(892, -0.3625797002950781)
(893, -0.40112644181807794)
(894, -0.3904375702539299)
(895, -0.39089257628979557)
(896, -0.4477101100263104)
(897, -0.46345795943438717)
(898, -0.39301768220823174)
(899, -0.3825025783922581)
(900, -0.4649760011476911)
(901, -0.4662055197355734)
(902, -0.45910632150852954)
(903, -0.4236492962828426)
(904, -0.40623705902121593)
(905, -0.4986824460863971)
(906, -0.4335238057030625)
(907, -0.3990843019107174)
(908, -0.4318842441002058)
(909, -0.4313577488993421)
(910, -0.4288076765401522)
(911, -0.42745739053757675)
(912, -0.4745581487040468)
(913, -0.481620742386167)
(914, -0.4933886996086418)
(915, -0.5269447991359425)
(916, -0.5237057729536084)
(917, -0.5096848501358651)
(918, -0.4867153756135009)
(919, -0.5006910442521485)
(920, -0.4335511098533477)
(921, -0.4971909093685828)
(922, -0.5221584220150164)
(923, -0.5069224354478602)
(924, -0.5490155841499689)
(925, -0.5890688026160685)
(926, -0.6066729752944939)
(927, -0.6390136171135079)
(928, -0.5922473075723523)
(929, -0.6475215354717333)
(930, -0.552512320196136)
(931, -0.5607604608966668)
(932, -0.575273289097471)
(933, -0.5771203700029262)
(934, -0.556964597556149)
(935, -0.5203076893859854)
(936, -0.5088868021633184)
(937, -0.5163759892243782)
(938, -0.5296240101660888)
(939, -0.4963167178566483)
(940, -0.4746998900159147)
(941, -0.5458291925595187)
(942, -0.5511043684261424)
(943, -0.5835999674786466)
(944, -0.5966020662387975)
(945, -0.6374041917007222)
(946, -0.5795189491981383)
(947, -0.5178904106993433)
(948, -0.47354275467861384)
(949, -0.5061988104747954)
(950, -0.5125540488477983)
(951, -0.48767388027857916)
(952, -0.5217272244902914)
(953, -0.5188607693012741)
(954, -0.5868581315548275)
(955, -0.5981958447555313)
(956, -0.5817952061225129)
(957, -0.5856960709198779)
(958, -0.4982005374285766)
(959, -0.47117750515546497)
(960, -0.5078075055882193)
(961, -0.5616089840615291)
(962, -0.6239035415344073)
(963, -0.6013795769912355)
(964, -0.601288213078773)
(965, -0.5749537757432895)
(966, -0.5548721748546471)
(967, -0.5833494663624531)
(968, -0.6130282051257885)
(969, -0.5839516315806009)
(970, -0.558061357990936)
(971, -0.5457966480156473)
(972, -0.5097374797623511)
(973, -0.5275614959015407)
(974, -0.5221837522419577)
(975, -0.5471767157607231)
(976, -0.612521643280971)
(977, -0.5280772813412046)
(978, -0.5151361725242967)
(979, -0.4987538489471907)
(980, -0.4808820389924125)
(981, -0.46139365504717744)
(982, -0.49361611987501935)
(983, -0.5193762410123816)
(984, -0.4648616253434343)
(985, -0.4652803405558823)
(986, -0.4964459101182829)
(987, -0.5137358980259705)
(988, -0.5120437876292682)
(989, -0.5806407389424735)
(990, -0.5773426117756388)
(991, -0.5266075541185646)
(992, -0.5296150190151494)
(993, -0.5497095295012345)
(994, -0.5422911574875698)
(995, -0.5578528296468758)
(996, -0.49308985998418275)
(997, -0.4930378895184176)
(998, -0.4707928012714505)
(999, -0.4792326861933965)
(1000, -0.4950149922967587)
(1001, -0.543150741963948)
(1002, -0.5880608024786279)
(1003, -0.5695184730907841)
(1004, -0.5995769617721015)
(1005, -0.5459799868376995)
(1006, -0.5378113724876348)
(1007, -0.5724367722267516)
(1008, -0.48696905421983666)
(1009, -0.5507728579813839)
(1010, -0.49164027801314597)
(1011, -0.5282983472422713)
(1012, -0.5628800636510728)
(1013, -0.6315978366655217)
(1014, -0.5606832488678071)
(1015, -0.5519977223542499)
(1016, -0.504884934369191)
(1017, -0.5007998646355583)
(1018, -0.5522390522427811)
(1019, -0.5506700333223105)
(1020, -0.6027278939365491)
(1021, -0.5325453602710549)
(1022, -0.5519911383957278)
(1023, -0.49826878129634883)
(1024, -0.4970752747902205)
(1025, -0.4382348724770718)
(1026, -0.4156901827684071)
(1027, -0.4526061679020696)
(1028, -0.4673865881249904)
(1029, -0.4700883524521397)
(1030, -0.48605724932217376)
(1031, -0.5539236185031299)
(1032, -0.5527369006084227)
(1033, -0.5676174820123645)
(1034, -0.5064933901137497)
(1035, -0.49350311507647365)
(1036, -0.5489928802874087)
(1037, -0.5666904151677122)
(1038, -0.6071770934058892)
(1039, -0.5623603758873277)
(1040, -0.5725790741574174)
(1041, -0.5200813633885112)
(1042, -0.5420955043668699)
(1043, -0.49815990648616715)
(1044, -0.42801527969527553)
(1045, -0.4107574522370525)
(1046, -0.3976068548544238)
(1047, -0.42641178074462)
(1048, -0.5515351045740805)
(1049, -0.5498552272156971)
(1050, -0.5378663676297832)
(1051, -0.47476040620360527)
(1052, -0.46208387636470494)
(1053, -0.4821117145702047)
(1054, -0.6119566545265586)
(1055, -0.5574414875089716)
(1056, -0.5025374569876406)
(1057, -0.5280241367491983)
(1058, -0.48958723665199594)
(1059, -0.46910855326465023)
(1060, -0.4864945070610388)
(1061, -0.4920521780439914)
(1062, -0.48868941368398827)
(1063, -0.4798699811748668)
(1064, -0.4887352653557597)
(1065, -0.4136066935497846)
(1066, -0.3683988070855016)
(1067, -0.380727669099172)
(1068, -0.4181100509986064)
(1069, -0.49091910854124104)
(1070, -0.4190110000662674)
(1071, -0.46697086943639654)
(1072, -0.5056038488386506)
(1073, -0.521892652290506)
(1074, -0.5181203198750435)
(1075, -0.4746904764573329)
(1076, -0.40798659566494444)
(1077, -0.4756535728363039)
(1078, -0.5061257353653779)
(1079, -0.46308133122358064)
(1080, -0.553076160387923)
(1081, -0.5521975257922914)
(1082, -0.5612213541993042)
(1083, -0.5395844616523883)
(1084, -0.570402542651668)
(1085, -0.6323330111888911)
(1086, -0.5642794993030817)
(1087, -0.5110125746267854)
(1088, -0.555260665698931)
(1089, -0.5756838601632799)
(1090, -0.5414741732837848)
(1091, -0.5602775081460885)
(1092, -0.5446493070064635)
(1093, -0.48933432019255657)
(1094, -0.5409827413281434)
(1095, -0.5497643382659109)
(1096, -0.5061615444978338)
(1097, -0.4906094507354988)
(1098, -0.5346306931300219)
(1099, -0.5191671700024184)
(1100, -0.5672765003121195)
(1101, -0.5379024641862833)
(1102, -0.5734580546914975)
(1103, -0.5493915549568571)
(1104, -0.5355381720453499)
(1105, -0.5475203422908874)
(1106, -0.598116742099216)
(1107, -0.6610441221446675)
(1108, -0.6038681593036995)
(1109, -0.5477130956414588)
(1110, -0.6115093733144269)
(1111, -0.5924444383832246)
(1112, -0.5910616158398418)
(1113, -0.6839413717577726)
(1114, -0.5806393280018901)
(1115, -0.5723180948166882)
(1116, -0.6484647579992835)
(1117, -0.6957332970584427)
(1118, -0.6732026274105933)
(1119, -0.6707072867839375)
(1120, -0.6055278306117413)
(1121, -0.6521917210653838)
(1122, -0.6806964975640956)
(1123, -0.6603518273582702)
(1124, -0.7643002925471303)
(1125, -0.6987629717749341)
(1126, -0.7296262254800504)
(1127, -0.6820013148620437)
(1128, -0.7489088751474118)
(1129, -0.784521613375301)
(1130, -0.6921396270487176)
(1131, -0.7214913700583687)
(1132, -0.7390133696218941)
(1133, -0.8173041433493036)
(1134, -0.8846519352246672)
(1135, -0.8191723222814733)
(1136, -0.7602145018136961)
(1137, -0.7097197103998997)
(1138, -0.8301223526466386)
(1139, -0.7756784842570271)
(1140, -0.7614726368621096)
(1141, -0.8125622196683387)
(1142, -0.7733864429032051)
(1143, -0.7895344946720878)
(1144, -0.7366140642411189)
(1145, -0.825669499736624)
(1146, -0.7963301044096893)
(1147, -0.8966293137094704)
(1148, -0.8136723699172757)
(1149, -0.8033766891032524)
(1150, -0.8381616495725205)
(1151, -0.8395646094242117)
(1152, -0.8158299551660564)
(1153, -0.8219676721674779)
(1154, -0.9072968331074789)
(1155, -0.843178387150862)
(1156, -0.8888492358314178)
(1157, -0.8956569820895508)
(1158, -0.889937676332392)
(1159, -0.9105482812820987)
(1160, -0.8127577495623951)
(1161, -0.8635950176024285)
(1162, -0.8907444884827276)
(1163, -0.8717453574183995)
(1164, -0.8873955694873636)
(1165, -0.8677454821033151)
(1166, -0.8567966612488003)
(1167, -0.8097149394873798)
(1168, -0.8598383430761896)
(1169, -0.811623905112236)
(1170, -0.8846747075800373)
(1171, -0.92426251545654)
(1172, -0.9316880920780026)
(1173, -0.9712106551825246)
(1174, -0.9062101745579046)
(1175, -0.945800152501175)
(1176, -0.9183341284690074)
(1177, -0.9305500577544806)
(1178, -0.9412341228105702)
(1179, -0.9225639693026882)
(1180, -0.9799369547109114)
(1181, -0.991198033413389)
(1182, -1.009745952199632)
(1183, -1.0175407973944213)
(1184, -1.0248335420777743)
(1185, -1.055037057288483)
(1186, -1.074345452607541)
(1187, -1.0891266668918052)
(1188, -1.085556983618045)
(1189, -1.1469398155392962)
(1190, -1.0657897659893971)
(1191, -1.0714283822723936)
(1192, -1.087119357521962)
(1193, -0.9536803090687597)
(1194, -0.9925995712057384)
(1195, -0.9580121611321866)
(1196, -1.0753013995008656)
(1197, -1.108044959673315)
(1198, -1.056332966385595)
(1199, -1.1250088613818792)
(1200, -1.2135579153947043)
(1201, -1.1692074584960974)
(1202, -1.0067854877154714)
(1203, -1.0140131688604086)
(1204, -1.084835468845543)
(1205, -1.0934376535112396)
(1206, -1.0062016450113997)
(1207, -1.0092867627179962)
(1208, -1.092270597651826)
(1209, -1.0833471014924863)
(1210, -0.978152237715006)
(1211, -1.03918869844789)
(1212, -0.9745441737195019)
(1213, -1.0587386095930797)
(1214, -1.0910987765956341)
(1215, -1.1153463389238316)
(1216, -1.120812236727009)
(1217, -1.1265774261738197)
(1218, -1.0839632311847827)
(1219, -1.141540325291856)
(1220, -1.208346473243363)
(1221, -1.2166078357543835)
(1222, -1.0725467355695286)
(1223, -1.0352316925098297)
(1224, -0.9656639868407992)
(1225, -0.9333384718649897)
(1226, -0.9028419318819413)
(1227, -0.9810027937436161)
(1228, -1.0806575938431493)
(1229, -1.107034415096378)
(1230, -1.118166956784848)
(1231, -1.0513206024406654)
(1232, -1.0606520771876893)
(1233, -1.047932431183713)
(1234, -0.9605679194417427)
(1235, -0.8951728298866843)
(1236, -0.9265207809366982)
(1237, -0.9169774935258239)
(1238, -1.0296227036209882)
(1239, -1.0305364058256994)
(1240, -1.1285044622782414)
(1241, -1.0569128844129196)
(1242, -1.0722838366619736)
(1243, -1.0931224135298474)
(1244, -1.053950555169119)
(1245, -1.0791275287891706)
(1246, -1.0611742282734984)
(1247, -1.1637135842732698)
(1248, -1.175144686336439)
(1249, -1.1421929991207456)
(1250, -1.1298232022683499)
(1251, -1.060366967759765)
(1252, -1.002574570500207)
(1253, -1.0164798903830417)
(1254, -1.0352218098134474)
(1255, -1.176179182644353)
(1256, -1.1758787909264699)
(1257, -1.0915589603985412)
(1258, -1.1151560569503711)
(1259, -1.1205670386052842)
(1260, -1.1239266201857268)
(1261, -1.1552257758726785)
(1262, -1.15250916226267)
(1263, -1.1769459733500047)
(1264, -1.191244357747425)
(1265, -1.2712151260803757)
(1266, -1.2003014414607611)
(1267, -1.2215079134883895)
(1268, -1.2045845473729344)
(1269, -1.298959151090448)
(1270, -1.274451207209991)
(1271, -1.2756957661280544)
(1272, -1.314276008990716)
(1273, -1.3723756696607572)
(1274, -1.3500592424152094)
(1275, -1.3295772129341397)
(1276, -1.4881980517761182)
(1277, -1.2663714934828556)
(1278, -1.2609231132010315)
(1279, -1.3119300450842608)
(1280, -1.3788280049154729)
(1281, -1.3963635760070292)
(1282, -1.3529457584596585)
(1283, -1.3254642510940717)
(1284, -1.3700617337875283)
(1285, -1.4596972645384556)
(1286, -1.4338975745169495)
(1287, -1.5041299354451936)
(1288, -1.5169833538862914)
(1289, -1.5426490915983717)
(1290, -1.6571129041517012)
(1291, -1.6194417510261034)
(1292, -1.6411442370396443)
(1293, -1.6047809353538391)
(1294, -1.6354219057762756)
(1295, -1.7335781564300463)
(1296, -1.7433972490875485)
(1297, -1.7286264268967941)
(1298, -1.8859866078618002)
(1299, -1.7577712189634709)
(1300, -1.79302911597413)
(1301, -1.888378659623125)
(1302, -1.8143659133934886)
(1303, -1.7556072977718715)
(1304, -1.8286943392020174)
(1305, -1.864296238524118)
(1306, -1.8896408524391077)
(1307, -1.7816534792917973)
(1308, -1.7738458596902598)
(1309, -1.6618568356692902)
(1310, -1.7017356729656952)
(1311, -1.7727418131250319)
(1312, -1.6582551541505401)
(1313, -1.7305865265457716)
(1314, -1.6818151132405694)
(1315, -1.6326979277631577)
(1316, -1.6718973757930835)
(1317, -1.6882310400561413)
(1318, -1.6301228246297084)
(1319, -1.611496513401089)
(1320, -1.649591184320402)
(1321, -1.6554464029377185)
(1322, -1.5883764314885211)
(1323, -1.5834933305526555)
(1324, -1.5103133364242016)
(1325, -1.6386286912358405)
(1326, -1.5586193799439299)
(1327, -1.5879796081559496)
(1328, -1.6581558752424244)
(1329, -1.5681861464738804)
(1330, -1.6364120942428566)
(1331, -1.7060240631863037)
(1332, -1.677327013964912)
(1333, -1.600757544735656)
(1334, -1.5274644088797273)
(1335, -1.5200158193764866)
(1336, -1.5120253524154454)
(1337, -1.4060222014739991)
(1338, -1.569638041156396)
(1339, -1.5304069151568886)
(1340, -1.5044750203528006)
(1341, -1.5644343950971498)
(1342, -1.6667163173210482)
(1343, -1.741938830729245)
(1344, -1.7583335336191417)
(1345, -1.6140144371966927)
(1346, -1.5056104514058792)
(1347, -1.4731729393705297)
(1348, -1.5298110773498215)
(1349, -1.6518872397444335)
(1350, -1.627880181160237)
(1351, -1.61825393212097)
(1352, -1.6650364191716287)
(1353, -1.6980354356408738)
(1354, -1.6142842635869128)
(1355, -1.5959795002404125)
(1356, -1.8118595288230133)
(1357, -1.679889360178465)
(1358, -1.6810625943053326)
(1359, -1.5278311966065985)
(1360, -1.5345783255993468)
(1361, -1.5349564599171666)
(1362, -1.5066663941078822)
(1363, -1.5314231132802167)
(1364, -1.5351951673696826)
(1365, -1.5763247599640007)
(1366, -1.64411939529094)
(1367, -1.6592439672644281)
(1368, -1.5952638687991354)
(1369, -1.5495844788583142)
(1370, -1.3687152989133755)
(1371, -1.2988554116011946)
(1372, -1.3851088906296096)
(1373, -1.3134319790618108)
(1374, -1.3195738693602022)
(1375, -1.2385902396850323)
(1376, -1.2459013140501087)
(1377, -1.3773772281036858)
(1378, -1.3358932132281551)
(1379, -1.365015917858554)
(1380, -1.4443876802028952)
(1381, -1.4056223862043244)
(1382, -1.3540244280276423)
(1383, -1.275730507242648)
(1384, -1.2407840483126815)
(1385, -1.2716216645951035)
(1386, -1.2905379142682105)
(1387, -1.2915324638945058)
(1388, -1.1958765750234468)
(1389, -1.2681985762571366)
(1390, -1.368179467719234)
(1391, -1.2800587430947439)
(1392, -1.3114401823017579)
(1393, -1.2819640859442372)
(1394, -1.283901012002844)
(1395, -1.3405599400976826)
(1396, -1.338647633078727)
(1397, -1.2825869572719715)
(1398, -1.2661070561106404)
(1399, -1.309592267075105)
(1400, -1.4014993955055681)
(1401, -1.318176758088851)
(1402, -1.231081796583407)
(1403, -1.3222139014454364)
(1404, -1.3220134890933244)
(1405, -1.4445776854789611)
(1406, -1.292353233129138)
(1407, -1.2378470659048804)
(1408, -1.2589183985223666)
(1409, -1.313070690507572)
(1410, -1.3506349196169722)
(1411, -1.2736014739529438)
(1412, -1.35944840671446)
(1413, -1.3768273032078726)
(1414, -1.2312850404577653)
(1415, -1.3138199294079551)
(1416, -1.1692552957192557)
(1417, -1.1683847826530593)
(1418, -1.247217475344336)
(1419, -1.258626219364275)
(1420, -1.2182702132313246)
(1421, -1.1685200006787257)
(1422, -1.1664530142208116)
(1423, -1.0880876005737818)
(1424, -1.1636577825478802)
(1425, -1.271351610287687)
(1426, -1.2507500403818803)
(1427, -1.2835049380631307)
(1428, -1.1148409887997335)
(1429, -1.177359083441375)
(1430, -1.2590824427027993)
(1431, -1.076625955828223)
(1432, -1.0165752247221358)
(1433, -0.9449615696345238)
(1434, -0.900749398113127)
(1435, -0.9539156785166594)
(1436, -0.9437778806146343)
(1437, -0.921538915009331)
(1438, -1.1231577297023778)
(1439, -1.1165515916342534)
(1440, -1.082062394147454)
(1441, -1.058754517567955)
(1442, -1.0664380539282696)
(1443, -1.0206210077126436)
(1444, -1.0128670660466295)
(1445, -1.0285431782546728)
(1446, -1.0228984660529639)
(1447, -1.048527013298597)
(1448, -1.0253397647048272)
(1449, -1.1212014352533008)
(1450, -1.041328760561256)
(1451, -1.1107230255519556)
(1452, -1.03578572875693)
(1453, -1.1061812098834178)
(1454, -1.1848754530232324)
(1455, -1.2219516613757355)
(1456, -1.1271756022109927)
(1457, -1.1859200952503515)
(1458, -1.2852822910211676)
(1459, -1.2060799811918097)
(1460, -1.27515757046428)
(1461, -1.1265591959439443)
(1462, -1.1542086217936598)
(1463, -0.9543352035556658)
(1464, -1.0578711021756533)
(1465, -1.0125264577820785)
(1466, -1.157655396782744)
(1467, -1.136021604822966)
(1468, -1.29557018912654)
(1469, -1.3503067667356303)
(1470, -1.3734843056355153)
(1471, -1.3867690499710783)
(1472, -1.35869314290452)
(1473, -1.195225850511704)
(1474, -1.1298016459402789)
(1475, -1.1920510706336707)
(1476, -1.075561176848768)
(1477, -1.077899504278233)
(1478, -1.0565128158326045)
(1479, -1.0490133415728196)
(1480, -1.1134862226756401)
(1481, -1.195428174042544)
(1482, -1.0485730140159157)
(1483, -1.1746949645608638)
(1484, -1.3403826342470353)
(1485, -1.2775236792790718)
(1486, -1.1561943559028351)
(1487, -1.1560370227615222)
(1488, -1.2467438364415722)
(1489, -1.2519863930650896)
(1490, -1.2151477039648826)
(1491, -1.2196861130834102)
(1492, -1.2191009950131797)
(1493, -1.2567657502925913)
(1494, -1.2342333501880869)
(1495, -1.1368678296551762)
(1496, -1.079887677918832)
(1497, -1.0266375522372986)
(1498, -1.1840287864587702)
(1499, -1.098936887597122)
(1500, -1.1697863567275677)
(1501, -1.174364598065102)
(1502, -1.178409408923894)
(1503, -1.1665288564198122)
(1504, -1.1203577329514849)
(1505, -1.2168515223776009)
(1506, -1.3615478689272527)
(1507, -1.5144507573181476)
(1508, -1.4612240355867532)
(1509, -1.4699871548353072)
(1510, -1.4161652067851611)
(1511, -1.5665057916987113)
(1512, -1.5218037935012882)
(1513, -1.419308745116822)
(1514, -1.3652715992941078)
(1515, -1.585865103141043)
(1516, -1.5053409364526504)
(1517, -1.4624573324467667)
(1518, -1.5055847592232614)
(1519, -1.6320327599053757)
(1520, -1.5141850531518413)
(1521, -1.3872870493971656)
(1522, -1.42551649811345)
(1523, -1.4644090441547597)
(1524, -1.3478838054077724)
(1525, -1.4259394310443467)
(1526, -1.4215623109554005)
(1527, -1.2705631470392746)
(1528, -1.3926025016572194)
(1529, -1.5788839511790733)
(1530, -1.7050879576969733)
(1531, -1.6927531638617372)
(1532, -1.640453493381546)
(1533, -1.628471359039491)
(1534, -1.6116577503957947)
(1535, -1.5753687263897578)
(1536, -1.3579739941585174)
(1537, -1.212887017216986)
(1538, -1.2612075620560659)
(1539, -1.273259520456576)
(1540, -1.4337851589378692)
(1541, -1.4451043380463002)
(1542, -1.3822675785372796)
(1543, -1.3172136230378535)
(1544, -1.2332819640020671)
(1545, -1.21819732496349)
(1546, -1.388269462464233)
(1547, -1.3943515249443184)
(1548, -1.5883019748321578)
(1549, -1.4170821634300215)
(1550, -1.3896002553409577)
(1551, -1.4350479894594632)
(1552, -1.4281930667001905)
(1553, -1.469498665199891)
(1554, -1.6006953987040549)
(1555, -1.5677863366352829)
(1556, -1.5315233991967916)
(1557, -1.4536639271285978)
(1558, -1.5456337128842361)
(1559, -1.5100513347054818)
(1560, -1.4969627080537673)
(1561, -1.5021504236017953)
(1562, -1.2885887367918305)
(1563, -1.3319996634958644)
(1564, -1.6152739773721774)
(1565, -1.3556947945189803)
(1566, -1.3031168169469054)
(1567, -1.2203348893077846)
(1568, -1.2552280598762953)
(1569, -1.2538076656858341)
(1570, -1.3209978079497742)
(1571, -1.2986044313594942)
(1572, -1.3473687364504812)
(1573, -1.4189808051961823)
(1574, -1.3378144357909076)
(1575, -1.323540013830826)
(1576, -1.3625454973113245)
(1577, -1.362601924947306)
(1578, -1.3526606049809287)
(1579, -1.411186308057876)
(1580, -1.3806887100536818)
(1581, -1.3534766702008352)
(1582, -1.5333322304858736)
(1583, -1.3038649347622293)
(1584, -1.314132335165665)
(1585, -1.2531989581228429)
(1586, -1.4124307239346205)
(1587, -1.2587840753835786)
(1588, -1.2453126870632207)
(1589, -1.2116066362937223)
(1590, -1.336214700951466)
(1591, -1.244479591935942)
(1592, -1.3150468073920256)
(1593, -1.2464586430359403)
(1594, -1.3402920686857382)
(1595, -1.4326072259916198)
(1596, -1.414669018187437)
(1597, -1.2915567664767782)
(1598, -1.1716514451038103)
(1599, -1.227951551709564)
(1600, -1.296739856913492)
(1601, -1.2505454980262558)
(1602, -1.323568353383954)
(1603, -1.4297271834389407)
(1604, -1.4743768571964917)
(1605, -1.465051240270774)
(1606, -1.5342606104037584)
(1607, -1.5012650549187405)
(1608, -1.420553267550358)
(1609, -1.377603848562746)
(1610, -1.3574350265655712)
(1611, -1.5163428446219045)
(1612, -1.4743833623638536)
(1613, -1.6359597182552768)
(1614, -1.633423581078885)
(1615, -1.7083413556753133)
(1616, -1.7498129346140066)
(1617, -1.7114290346917718)
(1618, -1.6150140095573964)
(1619, -1.5960195759385893)
(1620, -1.6658276807443766)
(1621, -1.6392446546419017)
(1622, -1.51172024144115)
(1623, -1.5908685574504986)
(1624, -1.6937641743344374)
(1625, -1.5455408986467463)
(1626, -1.5012701737769432)
(1627, -1.506194123479429)
(1628, -1.709577356108427)
(1629, -2.0474666117229856)
(1630, -1.7052138824209448)
(1631, -1.5800023077752692)
(1632, -1.6700373678124352)
(1633, -1.8589291561317305)
(1634, -2.177541331618541)
(1635, -2.10611752770343)
(1636, -2.052594727981309)
(1637, -1.9401980652596467)
(1638, -1.869762025593204)
(1639, -1.715047682147572)
(1640, -1.6866093495799126)
(1641, -1.6127940933162768)
(1642, -1.5244109123703042)
(1643, -1.6819294935877644)
(1644, -1.6824150099368071)
(1645, -1.7281683349518078)
(1646, -1.6245597859772898)
(1647, -1.9238049043452043)
(1648, -1.8424613774266054)
(1649, -1.9120568205105832)
(1650, -1.8594634443589924)
(1651, -1.8151880983790702)
(1652, -2.018097536897992)
(1653, -1.9108367721407598)
(1654, -1.8784947472953573)
(1655, -1.8636630734467572)
(1656, -1.8615959582742283)
(1657, -1.936296487140593)
(1658, -2.0148836644195263)
(1659, -2.024447286787256)
(1660, -2.0089764600792583)
(1661, -1.8966406628671275)
(1662, -2.3593857582203395)
(1663, -2.313155688760123)
(1664, -2.3771024993019436)
(1665, -2.3274043488390963)
(1666, -2.1633567031617003)
(1667, -1.8782768385942108)
(1668, -2.0949377051896727)
(1669, -2.3760082171167136)
(1670, -2.7815966301089032)
(1671, -2.636482985460619)
(1672, -2.4275896248464264)
(1673, -2.4588802947781176)
(1674, -2.4194548740340713)
(1675, -2.7393115229598606)
(1676, -2.5577338972502517)
(1677, -2.368302373503959)
(1678, -2.3487749149802797)
(1679, -2.3048420020239253)
(1680, -2.416208686254141)
(1681, -2.371094836220992)
(1682, -2.23723201978106)
(1683, -2.218328610608544)
(1684, -2.279248333104278)
(1685, -2.3695929117002574)
(1686, -2.3626025927793006)
(1687, -2.3975820816608264)
(1688, -2.337118666086449)
(1689, -2.3113638876231017)
(1690, -2.341310235781399)
(1691, -2.5055551857734306)
(1692, -2.4207995505993254)
(1693, -2.4552990735860614)
(1694, -2.450088296273499)
(1695, -2.330765370472025)
(1696, -2.403316188614205)
(1697, -2.6010273045655445)
(1698, -2.1921548374672915)
(1699, -1.9776148837990055)
(1700, -2.158772361458927)
(1701, -2.32479466295543)
(1702, -2.311132865056297)
(1703, -2.549312100014466)
(1704, -2.514072520623131)
(1705, -2.5734190116809192)
(1706, -2.4903281423410752)
(1707, -2.2621719996398335)
(1708, -2.4073696361160457)
(1709, -2.351491972850833)
(1710, -2.5339061475560367)
(1711, -2.486011434815377)
(1712, -2.655167507327089)
(1713, -2.5519017471884284)
(1714, -2.414120094705607)
(1715, -2.1920654803282695)
(1716, -2.208718711321274)
(1717, -2.653222696591868)
(1718, -2.289865616742161)
(1719, -2.193913362202287)
(1720, -2.678809825885009)
(1721, -2.552462940935642)
(1722, -2.4582930099562397)
(1723, -2.249489322406627)
(1724, -2.048386596590648)
(1725, -2.323049386138812)
(1726, -2.219129989220475)
(1727, -2.1315124982728957)
(1728, -1.9868943440416704)
(1729, -1.9330325529635672)
(1730, -2.0760504699756557)
(1731, -2.1085442089607107)
(1732, -2.6739521532798305)
(1733, -2.596390438109177)
(1734, -2.1617708408364966)
(1735, -2.016179287464909)
(1736, -1.9711007653176442)
(1737, -2.3257572890142004)
(1738, -2.1892137343270397)
(1739, -2.780984626788131)
(1740, -2.166822995318934)
(1741, -2.1627617433046513)
(1742, -2.078126146117722)
(1743, -2.3119031642995065)
(1744, -2.653935169639317)
(1745, -3.1005691153211132)
(1746, -2.6421198348507944)
(1747, -2.6971744651887306)
(1748, -2.6607735090105837)
(1749, -2.4182095619537955)
(1750, -2.6172965914832576)
(1751, -2.4740726412672367)
(1752, -2.225294330166035)
(1753, -2.242222558898537)
(1754, -2.5446195386942745)
(1755, -2.447382856448273)
(1756, -2.3821696117345215)
(1757, -2.584337355632867)
(1758, -2.5702630279985725)
(1759, -2.404299925126864)
(1760, -2.0973417635564675)
(1761, -1.790534077619199)
(1762, -1.817773889472667)
(1763, -2.019547891276031)
(1764, -2.145746330163688)
(1765, -1.8710238011032578)
(1766, -1.8083304595116907)
(1767, -2.047541058764603)
(1768, -2.1737772437371707)
(1769, -2.1257327351830075)
(1770, -2.3208876005550434)
(1771, -2.266112611908032)
(1772, -2.7996703094077646)
(1773, -2.6013596547812705)
(1774, -2.510942786197831)
(1775, -2.3260574468491324)
(1776, -2.327582652954168)
(1777, -2.487078826547606)
(1778, -2.4667578558798033)
(1779, -2.3849394338968315)
(1780, -2.4761452658405108)
(1781, -2.474362273990263)
(1782, -3.642510951741341)
(1783, -2.6554167751887117)
(1784, -2.664411033897798)
(1785, -2.4662336575347266)
(1786, -2.5894804576782495)
(1787, -2.5411539805292276)
(1788, -2.4999301590077074)
(1789, -2.178054237390726)
(1790, -2.112743356824588)
(1791, -2.452814182549726)
(1792, -2.8523965007422483)
(1793, -3.193117287905826)
(1794, -2.7409636714742445)
(1795, -2.4126865931395645)
(1796, -2.4043139423646305)
(1797, -2.577625628724721)
(1798, -2.664231947448361)
(1799, -2.3697098574887554)
(1800, -2.493013698639145)
(1801, -2.2260586404550176)
(1802, -2.434722857493036)
(1803, -2.4281824815429505)
(1804, -2.3990087646090905)
(1805, -2.3320826495334503)
(1806, -2.501424884699037)
(1807, -3.3697073558504496)
(1808, -3.0409569179209)
(1809, -2.5222917526158546)
(1810, -2.374991850572771)
(1811, -2.031896052449882)
(1812, -2.249751919425785)
(1813, -2.8240797589246736)
(1814, -2.997312395937884)
(1815, -2.7146582157656196)
(1816, -2.6448465208714915)
(1817, -3.5322288729249025)
(1818, -2.901222756939036)
(1819, -3.2491950544360835)
(1820, -3.5317189126282527)
(1821, -2.452665255959397)
(1822, -2.5990784798081448)
(1823, -2.3424370124537903)
(1824, -2.4598192775774845)
(1825, -2.393177721703364)
(1826, -2.265916555322165)
(1827, -2.094679542329855)
(1828, -2.1372170188123)
(1829, -2.223730267486183)
(1830, -1.9384590970676656)
(1831, -1.8981205709927818)
(1832, -1.8855541154507836)
(1833, -1.639550526229865)
(1834, -1.7020166968884411)
(1835, -2.6036420434432572)
(1836, -1.9604255319799329)
(1837, -2.353792152335071)
(1838, -2.239006783760638)
(1839, -2.0704591029202657)
(1840, -2.3939822051315707)
(1841, -2.1196925641655295)
(1842, -2.6976621281682385)
(1843, -2.480864492862628)
(1844, -3.232921969425459)
(1845, -2.6803390571440375)
(1846, -2.341410867532541)
(1847, -2.9618431933674705)
(1848, -2.964123108698744)
(1849, -2.648286916925212)
(1850, -2.529342580637097)
(1851, -2.092822770469555)
(1852, -2.060188339826231)
(1853, -1.9341255059534244)
(1854, -2.122774417547053)
(1855, -2.0213699626301342)
(1856, -2.1570260897118088)
(1857, -2.841864767722132)
(1858, -2.428484162107921)
(1859, -2.7808103290713535)
(1860, -2.8607183917738057)
(1861, -3.296525830436692)
(1862, -2.7405754305375587)
(1863, -2.753233829068171)
(1864, -2.451100515652237)
(1865, -3.4303124988320794)
(1866, -3.4502008494333727)
(1867, -3.6258003557088365)
(1868, -2.8460360694705513)
(1869, -2.697738980912793)
(1870, -2.1169809609855816)
(1871, -2.20607886755789)
(1872, -2.8652013747727)
(1873, -2.4605036835333296)
(1874, -2.864649051594507)
(1875, -2.5511626662657605)
(1876, -2.7353442585296786)
(1877, -2.7568693716371158)
(1878, -3.9009515345749066)
(1879, -3.001314743068205)
(1880, -2.655033949305734)
(1881, -3.3040370881921004)
(1882, -3.2108932831645265)
(1883, -3.1989584063596297)
(1884, -2.9682417057797807)
(1885, -3.116457695408091)
(1886, -2.9373036970955178)
(1887, -3.9174352904416914)
(1888, -3.4200469410490646)
(1889, -3.279925712052723)
(1890, -2.6876227045599923)
(1891, -2.4109966715087388)
(1892, -2.5906088116232917)
(1893, -2.0247458597455354)
(1894, -2.5638394500581216)
(1895, -2.728735527331412)
(1896, -3.116240538739597)
(1897, -3.4221038972559934)
(1898, -2.927812160177734)
(1899, -2.323389300546756)
(1900, -2.5788378140466395)
(1901, -2.2166190736804965)
(1902, -3.250111490702188)
(1903, -3.698029580226431)
(1904, -4.214164830013867)
(1905, -2.7352219507668245)
(1906, -3.7906005468745745)
(1907, -5.4023576813558565)
(1908, -3.110481936058685)
(1909, -4.00570444698382)
(1910, -2.8897622660980593)
(1911, -3.5027220612171464)
(1912, -3.757841148268099)
(1913, -3.660588477216491)
(1914, -3.2280719529087825)
(1915, -1.9140740496557862)
(1916, -1.9140740496557862)
(1917, -1.9140740496557862)
(1918, -4.197154044356827)
(1919, -5.629999922185172)
